edit distances: 50x50 [[0, 910, 637, 633, 635, 625, 626, 625, 615, 621, 640, 637, 649, 799, 746, 656, 665, 644, 796, 858, 642, 655, 644, 663, 665, 640, 716, 679, 650, 651, 663, 636, 692, 683, 837, 653, 652, 667, 669, 679, 927, 657, 639, 976, 650, 667, 726, 716, 665, 655], [910, 0, 909, 916, 918, 927, 920, 943, 950, 943, 942, 946, 955, 993, 960, 950, 948, 940, 974, 977, 965, 967, 955, 970, 959, 953, 973, 966, 960, 972, 961, 956, 967, 968, 987, 956, 964, 959, 949, 960, 903, 955, 966, 945, 941, 961, 988, 987, 973, 1015], [637, 909, 0, 398, 407, 408, 412, 469, 616, 543, 535, 529, 577, 795, 756, 574, 576, 571, 787, 865, 602, 533, 527, 592, 533, 509, 723, 587, 514, 603, 554, 520, 705, 664, 821, 598, 584, 558, 616, 603, 919, 564, 570, 964, 480, 596, 707, 737, 566, 562], [633, 916, 398, 0, 398, 429, 420, 469, 615, 548, 541, 540, 592, 800, 753, 573, 580, 579, 790, 859, 593, 530, 514, 603, 537, 516, 718, 590, 512, 603, 547, 518, 694, 662, 839, 602, 592, 552, 610, 601, 934, 573, 562, 971, 496, 604, 706, 728, 577, 570], [635, 918, 407, 398, 0, 394, 402, 464, 608, 545, 537, 528, 588, 808, 759, 566, 574, 578, 792, 863, 594, 531, 522, 598, 525, 520, 710, 586, 512, 607, 541, 528, 701, 660, 829, 597, 583, 528, 617, 602, 926, 568, 561, 973, 477, 588, 713, 732, 566, 562], [625, 927, 408, 429, 394, 0, 396, 445, 612, 540, 540, 532, 585, 796, 755, 575, 578, 583, 786, 867, 598, 549, 518, 600, 543, 520, 717, 583, 505, 606, 549, 515, 701, 659, 830, 599, 585, 535, 603, 611, 920, 572, 573, 971, 485, 600, 708, 728, 578, 562], [626, 920, 412, 420, 402, 396, 0, 433, 616, 541, 531, 535, 584, 803, 750, 571, 576, 578, 794, 871, 601, 551, 533, 611, 547, 530, 714, 592, 508, 608, 559, 525, 706, 665, 832, 604, 583, 555, 606, 611, 926, 566, 568, 969, 480, 597, 712, 735, 572, 555], [625, 943, 469, 469, 464, 445, 433, 0, 608, 539, 537, 551, 581, 803, 757, 564, 588, 575, 779, 834, 593, 569, 507, 597, 563, 500, 717, 603, 476, 603, 574, 504, 688, 658, 820, 599, 581, 580, 604, 609, 921, 555, 569, 967, 505, 592, 713, 732, 569, 554], [615, 950, 616, 615, 608, 612, 616, 608, 0, 491, 561, 578, 557, 774, 752, 619, 586, 560, 765, 852, 515, 645, 625, 570, 638, 616, 673, 637, 625, 577, 647, 609, 671, 646, 833, 592, 594, 639, 618, 618, 922, 615, 577, 955, 616, 623, 708, 711, 618, 599], [621, 943, 543, 548, 545, 540, 541, 539, 491, 0, 443, 474, 551, 787, 727, 590, 543, 558, 764, 851, 495, 589, 575, 548, 587, 565, 659, 581, 570, 564, 579, 558, 631, 619, 815, 552, 557, 607, 593, 592, 923, 568, 548, 957, 563, 605, 700, 702, 590, 546], [640, 942, 535, 541, 537, 540, 531, 537, 561, 443, 0, 364, 451, 781, 726, 563, 555, 474, 773, 859, 567, 542, 523, 579, 535, 499, 693, 585, 525, 572, 551, 517, 668, 643, 815, 576, 587, 577, 600, 602, 920, 574, 566, 964, 541, 591, 700, 715, 575, 559], [637, 946, 529, 540, 528, 532, 535, 551, 578, 474, 364, 0, 458, 787, 731, 571, 554, 455, 775, 861, 571, 555, 528, 563, 550, 503, 704, 588, 529, 572, 568, 523, 680, 653, 822, 576, 578, 572, 603, 601, 921, 594, 572, 971, 548, 592, 705, 714, 566, 558], [649, 955, 577, 592, 588, 585, 584, 581, 557, 551, 451, 458, 0, 759, 756, 576, 581, 419, 777, 868, 550, 597, 560, 529, 598, 544, 689, 622, 567, 538, 598, 552, 682, 632, 834, 609, 578, 606, 619, 616, 936, 608, 581, 977, 582, 609, 705, 726, 580, 591], [799, 993, 795, 800, 808, 796, 803, 803, 774, 787, 781, 787, 759, 0, 757, 800, 811, 770, 749, 886, 801, 796, 805, 808, 798, 797, 780, 811, 788, 809, 800, 803, 818, 822, 893, 804, 805, 787, 790, 805, 960, 819, 815, 993, 803, 816, 834, 833, 815, 843], [746, 960, 756, 753, 759, 755, 750, 757, 752, 727, 726, 731, 756, 757, 0, 745, 762, 742, 764, 829, 746, 767, 763, 766, 765, 756, 775, 763, 759, 757, 772, 756, 776, 784, 857, 744, 766, 762, 739, 754, 948, 770, 760, 997, 777, 775, 798, 810, 771, 792], [656, 950, 574, 573, 566, 575, 571, 564, 619, 590, 563, 571, 576, 800, 745, 0, 621, 571, 776, 855, 608, 555, 540, 613, 559, 514, 732, 588, 557, 617, 575, 522, 715, 645, 783, 600, 578, 590, 616, 562, 922, 591, 588, 973, 560, 635, 703, 723, 566, 578], [665, 948, 576, 580, 574, 578, 576, 588, 586, 543, 555, 554, 581, 811, 762, 621, 0, 581, 789, 857, 583, 594, 590, 568, 605, 572, 701, 618, 596, 594, 605, 576, 689, 668, 828, 612, 615, 622, 635, 635, 923, 621, 587, 977, 607, 630, 717, 730, 622, 578], [644, 940, 571, 579, 578, 583, 578, 575, 560, 558, 474, 455, 419, 770, 742, 571, 581, 0, 767, 867, 533, 589, 543, 527, 571, 529, 687, 619, 549, 532, 580, 539, 664, 637, 820, 612, 583, 590, 623, 611, 932, 597, 583, 978, 578, 602, 704, 728, 580, 580], [796, 974, 787, 790, 792, 786, 794, 779, 765, 764, 773, 775, 777, 749, 764, 776, 789, 767, 0, 835, 772, 753, 745, 771, 751, 748, 771, 766, 759, 772, 761, 763, 789, 798, 845, 776, 778, 757, 729, 777, 942, 792, 784, 1006, 788, 803, 804, 805, 784, 814], [858, 977, 865, 859, 863, 867, 871, 834, 852, 851, 859, 861, 868, 886, 829, 855, 857, 867, 835, 0, 843, 861, 821, 846, 867, 828, 855, 815, 813, 835, 856, 827, 852, 852, 825, 847, 847, 856, 845, 839, 951, 865, 864, 1003, 869, 878, 886, 879, 867, 903], [642, 965, 602, 593, 594, 598, 601, 593, 515, 495, 567, 571, 550, 801, 746, 608, 583, 533, 772, 843, 0, 621, 612, 481, 613, 596, 658, 611, 605, 489, 613, 606, 647, 618, 814, 590, 556, 634, 601, 616, 917, 611, 572, 962, 604, 630, 705, 717, 619, 573], [655, 967, 533, 530, 531, 549, 551, 569, 645, 589, 542, 555, 597, 796, 767, 555, 594, 589, 753, 861, 621, 0, 518, 624, 426, 529, 696, 529, 528, 624, 433, 517, 699, 682, 806, 631, 614, 479, 618, 615, 923, 617, 606, 964, 552, 631, 711, 728, 592, 596], [644, 955, 527, 514, 522, 518, 533, 507, 625, 575, 523, 528, 560, 805, 763, 540, 590, 543, 745, 821, 612, 518, 0, 608, 516, 397, 715, 586, 403, 611, 526, 422, 717, 656, 803, 600, 588, 571, 591, 591, 923, 573, 585, 971, 520, 596, 698, 733, 544, 558], [663, 970, 592, 603, 598, 600, 611, 597, 570, 548, 579, 563, 529, 808, 766, 613, 568, 527, 771, 846, 481, 624, 608, 0, 626, 606, 626, 629, 616, 413, 620, 606, 618, 632, 812, 625, 579, 640, 635, 623, 933, 622, 595, 968, 610, 625, 716, 727, 623, 603], [665, 959, 533, 537, 525, 543, 547, 563, 638, 587, 535, 550, 598, 798, 765, 559, 605, 571, 751, 867, 613, 426, 516, 626, 0, 520, 703, 540, 523, 627, 437, 528, 714, 676, 802, 623, 604, 480, 625, 626, 923, 613, 595, 971, 551, 636, 709, 733, 576, 590], [640, 953, 509, 516, 520, 520, 530, 500, 616, 565, 499, 503, 544, 797, 756, 514, 572, 529, 748, 828, 596, 529, 397, 606, 520, 0, 720, 571, 419, 607, 517, 380, 704, 650, 797, 589, 571, 582, 583, 583, 919, 561, 570, 973, 529, 600, 699, 728, 537, 541], [716, 973, 723, 718, 710, 717, 714, 717, 673, 659, 693, 704, 689, 780, 775, 732, 701, 687, 771, 855, 658, 696, 715, 626, 703, 720, 0, 720, 725, 646, 712, 722, 572, 727, 841, 718, 717, 686, 734, 736, 945, 737, 721, 975, 721, 750, 767, 763, 742, 752], [679, 966, 587, 590, 586, 583, 592, 603, 637, 581, 585, 588, 622, 811, 763, 588, 618, 619, 766, 815, 611, 529, 586, 629, 540, 571, 720, 0, 580, 619, 557, 559, 723, 671, 797, 599, 597, 576, 581, 575, 926, 591, 604, 964, 590, 648, 713, 722, 611, 602], [650, 960, 514, 512, 512, 505, 508, 476, 625, 570, 525, 529, 567, 788, 759, 557, 596, 549, 759, 813, 605, 528, 403, 616, 523, 419, 725, 580, 0, 616, 535, 445, 718, 662, 808, 599, 592, 559, 600, 587, 920, 569, 580, 972, 524, 603, 709, 733, 547, 555], [651, 972, 603, 603, 607, 606, 608, 603, 577, 564, 572, 572, 538, 809, 757, 617, 594, 532, 772, 835, 489, 624, 611, 413, 627, 607, 646, 619, 616, 0, 623, 597, 629, 641, 813, 618, 590, 628, 639, 631, 925, 623, 596, 965, 611, 634, 717, 727, 620, 606], [663, 961, 554, 547, 541, 549, 559, 574, 647, 579, 551, 568, 598, 800, 772, 575, 605, 580, 761, 856, 613, 433, 526, 620, 437, 517, 712, 557, 535, 623, 0, 526, 708, 678, 820, 624, 626, 501, 627, 621, 921, 628, 604, 964, 555, 642, 712, 729, 595, 599], [636, 956, 520, 518, 528, 515, 525, 504, 609, 558, 517, 523, 552, 803, 756, 522, 576, 539, 763, 827, 606, 517, 422, 606, 528, 380, 722, 559, 445, 597, 526, 0, 709, 649, 786, 588, 578, 564, 582, 571, 926, 549, 574, 968, 533, 594, 704, 728, 542, 542], [692, 967, 705, 694, 701, 701, 706, 688, 671, 631, 668, 680, 682, 818, 776, 715, 689, 664, 789, 852, 647, 699, 717, 618, 714, 704, 572, 723, 718, 629, 708, 709, 0, 703, 822, 697, 706, 697, 717, 718, 927, 712, 691, 967, 707, 716, 748, 750, 725, 733], [683, 968, 664, 662, 660, 659, 665, 658, 646, 619, 643, 653, 632, 822, 784, 645, 668, 637, 798, 852, 618, 682, 656, 632, 676, 650, 727, 671, 662, 641, 678, 649, 703, 0, 803, 607, 591, 682, 648, 651, 907, 640, 631, 954, 662, 680, 731, 722, 661, 676], [837, 987, 821, 839, 829, 830, 832, 820, 833, 815, 815, 822, 834, 893, 857, 783, 828, 820, 845, 825, 814, 806, 803, 812, 802, 797, 841, 797, 808, 813, 820, 786, 822, 803, 0, 796, 794, 801, 819, 812, 966, 827, 834, 999, 831, 851, 848, 856, 835, 867], [653, 956, 598, 602, 597, 599, 604, 599, 592, 552, 576, 576, 609, 804, 744, 600, 612, 612, 776, 847, 590, 631, 600, 625, 623, 589, 718, 599, 599, 618, 624, 588, 697, 607, 796, 0, 526, 622, 578, 594, 919, 563, 557, 961, 591, 619, 695, 716, 603, 607], [652, 964, 584, 592, 583, 585, 583, 581, 594, 557, 587, 578, 578, 805, 766, 578, 615, 583, 778, 847, 556, 614, 588, 579, 604, 571, 717, 597, 592, 590, 626, 578, 706, 591, 794, 526, 0, 620, 572, 580, 920, 572, 561, 971, 581, 617, 701, 715, 593, 584], [667, 959, 558, 552, 528, 535, 555, 580, 639, 607, 577, 572, 606, 787, 762, 590, 622, 590, 757, 856, 634, 479, 571, 640, 480, 582, 686, 576, 559, 628, 501, 564, 697, 682, 801, 622, 620, 0, 607, 623, 911, 615, 598, 973, 571, 628, 707, 732, 594, 595], [669, 949, 616, 610, 617, 603, 606, 604, 618, 593, 600, 603, 619, 790, 739, 616, 635, 623, 729, 845, 601, 618, 591, 635, 625, 583, 734, 581, 600, 639, 627, 582, 717, 648, 819, 578, 572, 607, 0, 555, 922, 582, 585, 961, 621, 630, 694, 725, 617, 607], [679, 960, 603, 601, 602, 611, 611, 609, 618, 592, 602, 601, 616, 805, 754, 562, 635, 611, 777, 839, 616, 615, 591, 623, 626, 583, 736, 575, 587, 631, 621, 571, 718, 651, 812, 594, 580, 623, 555, 0, 921, 582, 586, 973, 604, 630, 712, 721, 589, 610], [927, 903, 919, 934, 926, 920, 926, 921, 922, 923, 920, 921, 936, 960, 948, 922, 923, 932, 942, 951, 917, 923, 923, 933, 923, 919, 945, 926, 920, 925, 921, 926, 927, 907, 966, 919, 920, 911, 922, 921, 0, 912, 923, 953, 925, 945, 950, 946, 937, 975], [657, 955, 564, 573, 568, 572, 566, 555, 615, 568, 574, 594, 608, 819, 770, 591, 621, 597, 792, 865, 611, 617, 573, 622, 613, 561, 737, 591, 569, 623, 628, 549, 712, 640, 827, 563, 572, 615, 582, 582, 912, 0, 563, 944, 581, 627, 691, 720, 588, 583], [639, 966, 570, 562, 561, 573, 568, 569, 577, 548, 566, 572, 581, 815, 760, 588, 587, 583, 784, 864, 572, 606, 585, 595, 595, 570, 721, 604, 580, 596, 604, 574, 691, 631, 834, 557, 561, 598, 585, 586, 923, 563, 0, 966, 576, 593, 703, 715, 575, 538], [976, 945, 964, 971, 973, 971, 969, 967, 955, 957, 964, 971, 977, 993, 997, 973, 977, 978, 1006, 1003, 962, 964, 971, 968, 971, 973, 975, 964, 972, 965, 964, 968, 967, 954, 999, 961, 971, 973, 961, 973, 953, 944, 966, 0, 961, 986, 987, 979, 959, 1019], [650, 941, 480, 496, 477, 485, 480, 505, 616, 563, 541, 548, 582, 803, 777, 560, 607, 578, 788, 869, 604, 552, 520, 610, 551, 529, 721, 590, 524, 611, 555, 533, 707, 662, 831, 591, 581, 571, 621, 604, 925, 581, 576, 961, 0, 604, 702, 726, 561, 562], [667, 961, 596, 604, 588, 600, 597, 592, 623, 605, 591, 592, 609, 816, 775, 635, 630, 602, 803, 878, 630, 631, 596, 625, 636, 600, 750, 648, 603, 634, 642, 594, 716, 680, 851, 619, 617, 628, 630, 630, 945, 627, 593, 986, 604, 0, 717, 739, 610, 618], [726, 988, 707, 706, 713, 708, 712, 713, 708, 700, 700, 705, 705, 834, 798, 703, 717, 704, 804, 886, 705, 711, 698, 716, 709, 699, 767, 713, 709, 717, 712, 704, 748, 731, 848, 695, 701, 707, 694, 712, 950, 691, 703, 987, 702, 717, 0, 730, 705, 711], [716, 987, 737, 728, 732, 728, 735, 732, 711, 702, 715, 714, 726, 833, 810, 723, 730, 728, 805, 879, 717, 728, 733, 727, 733, 728, 763, 722, 733, 727, 729, 728, 750, 722, 856, 716, 715, 732, 725, 721, 946, 720, 715, 979, 726, 739, 730, 0, 716, 734], [665, 973, 566, 577, 566, 578, 572, 569, 618, 590, 575, 566, 580, 815, 771, 566, 622, 580, 784, 867, 619, 592, 544, 623, 576, 537, 742, 611, 547, 620, 595, 542, 725, 661, 835, 603, 593, 594, 617, 589, 937, 588, 575, 959, 561, 610, 705, 716, 0, 574], [655, 1015, 562, 570, 562, 562, 555, 554, 599, 546, 559, 558, 591, 843, 792, 578, 578, 580, 814, 903, 573, 596, 558, 603, 590, 541, 752, 602, 555, 606, 599, 542, 733, 676, 867, 607, 584, 595, 607, 610, 975, 583, 538, 1019, 562, 618, 711, 734, 574, 0]]