Harness
0 600
0 1350
1 2000
4 2010
3 2050
4 2200
1 2500
0 2590
2 2800
1 6000

chromosome1: [[568, 34, 809, 795, 620, 435, 970, 396, 428, 893, 899, 877, 90, 376, 848, 530, 224, 742, 302, 239, 636, 814, 320, 773, 224, 623, 811, 856, 202, 814, 261, 825, 584, 254, 224, 303, 761, 983, 602, 562, 327, 818, 706, 296, 23, 842, 298, 319, 480, 976, 897, 301, 793, 744, 825, 408, 653, 866, 283, 741, 937, 902, 256, 545, 933, 2, 878, 500, 768, 805, 257, 727, 689, 298, 683, 351, 528, 893, 64, 373]]
edit distances: 50x50 [[0, 910, 637, 633, 635, 625, 626, 625, 615, 621, 640, 637, 649, 799, 746, 656, 665, 644, 796, 858, 642, 655, 644, 663, 665, 640, 716, 679, 650, 651, 663, 636, 692, 683, 837, 653, 652, 667, 669, 679, 927, 657, 639, 976, 650, 667, 726, 716, 665, 655], [910, 0, 909, 916, 918, 927, 920, 943, 950, 943, 942, 946, 955, 993, 960, 950, 948, 940, 974, 977, 965, 967, 955, 970, 959, 953, 973, 966, 960, 972, 961, 956, 967, 968, 987, 956, 964, 959, 949, 960, 903, 955, 966, 945, 941, 961, 988, 987, 973, 1015], [637, 909, 0, 398, 407, 408, 412, 469, 616, 543, 535, 529, 577, 795, 756, 574, 576, 571, 787, 865, 602, 533, 527, 592, 533, 509, 723, 587, 514, 603, 554, 520, 705, 664, 821, 598, 584, 558, 616, 603, 919, 564, 570, 964, 480, 596, 707, 737, 566, 562], [633, 916, 398, 0, 398, 429, 420, 469, 615, 548, 541, 540, 592, 800, 753, 573, 580, 579, 790, 859, 593, 530, 514, 603, 537, 516, 718, 590, 512, 603, 547, 518, 694, 662, 839, 602, 592, 552, 610, 601, 934, 573, 562, 971, 496, 604, 706, 728, 577, 570], [635, 918, 407, 398, 0, 394, 402, 464, 608, 545, 537, 528, 588, 808, 759, 566, 574, 578, 792, 863, 594, 531, 522, 598, 525, 520, 710, 586, 512, 607, 541, 528, 701, 660, 829, 597, 583, 528, 617, 602, 926, 568, 561, 973, 477, 588, 713, 732, 566, 562], [625, 927, 408, 429, 394, 0, 396, 445, 612, 540, 540, 532, 585, 796, 755, 575, 578, 583, 786, 867, 598, 549, 518, 600, 543, 520, 717, 583, 505, 606, 549, 515, 701, 659, 830, 599, 585, 535, 603, 611, 920, 572, 573, 971, 485, 600, 708, 728, 578, 562], [626, 920, 412, 420, 402, 396, 0, 433, 616, 541, 531, 535, 584, 803, 750, 571, 576, 578, 794, 871, 601, 551, 533, 611, 547, 530, 714, 592, 508, 608, 559, 525, 706, 665, 832, 604, 583, 555, 606, 611, 926, 566, 568, 969, 480, 597, 712, 735, 572, 555], [625, 943, 469, 469, 464, 445, 433, 0, 608, 539, 537, 551, 581, 803, 757, 564, 588, 575, 779, 834, 593, 569, 507, 597, 563, 500, 717, 603, 476, 603, 574, 504, 688, 658, 820, 599, 581, 580, 604, 609, 921, 555, 569, 967, 505, 592, 713, 732, 569, 554], [615, 950, 616, 615, 608, 612, 616, 608, 0, 491, 561, 578, 557, 774, 752, 619, 586, 560, 765, 852, 515, 645, 625, 570, 638, 616, 673, 637, 625, 577, 647, 609, 671, 646, 833, 592, 594, 639, 618, 618, 922, 615, 577, 955, 616, 623, 708, 711, 618, 599], [621, 943, 543, 548, 545, 540, 541, 539, 491, 0, 443, 474, 551, 787, 727, 590, 543, 558, 764, 851, 495, 589, 575, 548, 587, 565, 659, 581, 570, 564, 579, 558, 631, 619, 815, 552, 557, 607, 593, 592, 923, 568, 548, 957, 563, 605, 700, 702, 590, 546], [640, 942, 535, 541, 537, 540, 531, 537, 561, 443, 0, 364, 451, 781, 726, 563, 555, 474, 773, 859, 567, 542, 523, 579, 535, 499, 693, 585, 525, 572, 551, 517, 668, 643, 815, 576, 587, 577, 600, 602, 920, 574, 566, 964, 541, 591, 700, 715, 575, 559], [637, 946, 529, 540, 528, 532, 535, 551, 578, 474, 364, 0, 458, 787, 731, 571, 554, 455, 775, 861, 571, 555, 528, 563, 550, 503, 704, 588, 529, 572, 568, 523, 680, 653, 822, 576, 578, 572, 603, 601, 921, 594, 572, 971, 548, 592, 705, 714, 566, 558], [649, 955, 577, 592, 588, 585, 584, 581, 557, 551, 451, 458, 0, 759, 756, 576, 581, 419, 777, 868, 550, 597, 560, 529, 598, 544, 689, 622, 567, 538, 598, 552, 682, 632, 834, 609, 578, 606, 619, 616, 936, 608, 581, 977, 582, 609, 705, 726, 580, 591], [799, 993, 795, 800, 808, 796, 803, 803, 774, 787, 781, 787, 759, 0, 757, 800, 811, 770, 749, 886, 801, 796, 805, 808, 798, 797, 780, 811, 788, 809, 800, 803, 818, 822, 893, 804, 805, 787, 790, 805, 960, 819, 815, 993, 803, 816, 834, 833, 815, 843], [746, 960, 756, 753, 759, 755, 750, 757, 752, 727, 726, 731, 756, 757, 0, 745, 762, 742, 764, 829, 746, 767, 763, 766, 765, 756, 775, 763, 759, 757, 772, 756, 776, 784, 857, 744, 766, 762, 739, 754, 948, 770, 760, 997, 777, 775, 798, 810, 771, 792], [656, 950, 574, 573, 566, 575, 571, 564, 619, 590, 563, 571, 576, 800, 745, 0, 621, 571, 776, 855, 608, 555, 540, 613, 559, 514, 732, 588, 557, 617, 575, 522, 715, 645, 783, 600, 578, 590, 616, 562, 922, 591, 588, 973, 560, 635, 703, 723, 566, 578], [665, 948, 576, 580, 574, 578, 576, 588, 586, 543, 555, 554, 581, 811, 762, 621, 0, 581, 789, 857, 583, 594, 590, 568, 605, 572, 701, 618, 596, 594, 605, 576, 689, 668, 828, 612, 615, 622, 635, 635, 923, 621, 587, 977, 607, 630, 717, 730, 622, 578], [644, 940, 571, 579, 578, 583, 578, 575, 560, 558, 474, 455, 419, 770, 742, 571, 581, 0, 767, 867, 533, 589, 543, 527, 571, 529, 687, 619, 549, 532, 580, 539, 664, 637, 820, 612, 583, 590, 623, 611, 932, 597, 583, 978, 578, 602, 704, 728, 580, 580], [796, 974, 787, 790, 792, 786, 794, 779, 765, 764, 773, 775, 777, 749, 764, 776, 789, 767, 0, 835, 772, 753, 745, 771, 751, 748, 771, 766, 759, 772, 761, 763, 789, 798, 845, 776, 778, 757, 729, 777, 942, 792, 784, 1006, 788, 803, 804, 805, 784, 814], [858, 977, 865, 859, 863, 867, 871, 834, 852, 851, 859, 861, 868, 886, 829, 855, 857, 867, 835, 0, 843, 861, 821, 846, 867, 828, 855, 815, 813, 835, 856, 827, 852, 852, 825, 847, 847, 856, 845, 839, 951, 865, 864, 1003, 869, 878, 886, 879, 867, 903], [642, 965, 602, 593, 594, 598, 601, 593, 515, 495, 567, 571, 550, 801, 746, 608, 583, 533, 772, 843, 0, 621, 612, 481, 613, 596, 658, 611, 605, 489, 613, 606, 647, 618, 814, 590, 556, 634, 601, 616, 917, 611, 572, 962, 604, 630, 705, 717, 619, 573], [655, 967, 533, 530, 531, 549, 551, 569, 645, 589, 542, 555, 597, 796, 767, 555, 594, 589, 753, 861, 621, 0, 518, 624, 426, 529, 696, 529, 528, 624, 433, 517, 699, 682, 806, 631, 614, 479, 618, 615, 923, 617, 606, 964, 552, 631, 711, 728, 592, 596], [644, 955, 527, 514, 522, 518, 533, 507, 625, 575, 523, 528, 560, 805, 763, 540, 590, 543, 745, 821, 612, 518, 0, 608, 516, 397, 715, 586, 403, 611, 526, 422, 717, 656, 803, 600, 588, 571, 591, 591, 923, 573, 585, 971, 520, 596, 698, 733, 544, 558], [663, 970, 592, 603, 598, 600, 611, 597, 570, 548, 579, 563, 529, 808, 766, 613, 568, 527, 771, 846, 481, 624, 608, 0, 626, 606, 626, 629, 616, 413, 620, 606, 618, 632, 812, 625, 579, 640, 635, 623, 933, 622, 595, 968, 610, 625, 716, 727, 623, 603], [665, 959, 533, 537, 525, 543, 547, 563, 638, 587, 535, 550, 598, 798, 765, 559, 605, 571, 751, 867, 613, 426, 516, 626, 0, 520, 703, 540, 523, 627, 437, 528, 714, 676, 802, 623, 604, 480, 625, 626, 923, 613, 595, 971, 551, 636, 709, 733, 576, 590], [640, 953, 509, 516, 520, 520, 530, 500, 616, 565, 499, 503, 544, 797, 756, 514, 572, 529, 748, 828, 596, 529, 397, 606, 520, 0, 720, 571, 419, 607, 517, 380, 704, 650, 797, 589, 571, 582, 583, 583, 919, 561, 570, 973, 529, 600, 699, 728, 537, 541], [716, 973, 723, 718, 710, 717, 714, 717, 673, 659, 693, 704, 689, 780, 775, 732, 701, 687, 771, 855, 658, 696, 715, 626, 703, 720, 0, 720, 725, 646, 712, 722, 572, 727, 841, 718, 717, 686, 734, 736, 945, 737, 721, 975, 721, 750, 767, 763, 742, 752], [679, 966, 587, 590, 586, 583, 592, 603, 637, 581, 585, 588, 622, 811, 763, 588, 618, 619, 766, 815, 611, 529, 586, 629, 540, 571, 720, 0, 580, 619, 557, 559, 723, 671, 797, 599, 597, 576, 581, 575, 926, 591, 604, 964, 590, 648, 713, 722, 611, 602], [650, 960, 514, 512, 512, 505, 508, 476, 625, 570, 525, 529, 567, 788, 759, 557, 596, 549, 759, 813, 605, 528, 403, 616, 523, 419, 725, 580, 0, 616, 535, 445, 718, 662, 808, 599, 592, 559, 600, 587, 920, 569, 580, 972, 524, 603, 709, 733, 547, 555], [651, 972, 603, 603, 607, 606, 608, 603, 577, 564, 572, 572, 538, 809, 757, 617, 594, 532, 772, 835, 489, 624, 611, 413, 627, 607, 646, 619, 616, 0, 623, 597, 629, 641, 813, 618, 590, 628, 639, 631, 925, 623, 596, 965, 611, 634, 717, 727, 620, 606], [663, 961, 554, 547, 541, 549, 559, 574, 647, 579, 551, 568, 598, 800, 772, 575, 605, 580, 761, 856, 613, 433, 526, 620, 437, 517, 712, 557, 535, 623, 0, 526, 708, 678, 820, 624, 626, 501, 627, 621, 921, 628, 604, 964, 555, 642, 712, 729, 595, 599], [636, 956, 520, 518, 528, 515, 525, 504, 609, 558, 517, 523, 552, 803, 756, 522, 576, 539, 763, 827, 606, 517, 422, 606, 528, 380, 722, 559, 445, 597, 526, 0, 709, 649, 786, 588, 578, 564, 582, 571, 926, 549, 574, 968, 533, 594, 704, 728, 542, 542], [692, 967, 705, 694, 701, 701, 706, 688, 671, 631, 668, 680, 682, 818, 776, 715, 689, 664, 789, 852, 647, 699, 717, 618, 714, 704, 572, 723, 718, 629, 708, 709, 0, 703, 822, 697, 706, 697, 717, 718, 927, 712, 691, 967, 707, 716, 748, 750, 725, 733], [683, 968, 664, 662, 660, 659, 665, 658, 646, 619, 643, 653, 632, 822, 784, 645, 668, 637, 798, 852, 618, 682, 656, 632, 676, 650, 727, 671, 662, 641, 678, 649, 703, 0, 803, 607, 591, 682, 648, 651, 907, 640, 631, 954, 662, 680, 731, 722, 661, 676], [837, 987, 821, 839, 829, 830, 832, 820, 833, 815, 815, 822, 834, 893, 857, 783, 828, 820, 845, 825, 814, 806, 803, 812, 802, 797, 841, 797, 808, 813, 820, 786, 822, 803, 0, 796, 794, 801, 819, 812, 966, 827, 834, 999, 831, 851, 848, 856, 835, 867], [653, 956, 598, 602, 597, 599, 604, 599, 592, 552, 576, 576, 609, 804, 744, 600, 612, 612, 776, 847, 590, 631, 600, 625, 623, 589, 718, 599, 599, 618, 624, 588, 697, 607, 796, 0, 526, 622, 578, 594, 919, 563, 557, 961, 591, 619, 695, 716, 603, 607], [652, 964, 584, 592, 583, 585, 583, 581, 594, 557, 587, 578, 578, 805, 766, 578, 615, 583, 778, 847, 556, 614, 588, 579, 604, 571, 717, 597, 592, 590, 626, 578, 706, 591, 794, 526, 0, 620, 572, 580, 920, 572, 561, 971, 581, 617, 701, 715, 593, 584], [667, 959, 558, 552, 528, 535, 555, 580, 639, 607, 577, 572, 606, 787, 762, 590, 622, 590, 757, 856, 634, 479, 571, 640, 480, 582, 686, 576, 559, 628, 501, 564, 697, 682, 801, 622, 620, 0, 607, 623, 911, 615, 598, 973, 571, 628, 707, 732, 594, 595], [669, 949, 616, 610, 617, 603, 606, 604, 618, 593, 600, 603, 619, 790, 739, 616, 635, 623, 729, 845, 601, 618, 591, 635, 625, 583, 734, 581, 600, 639, 627, 582, 717, 648, 819, 578, 572, 607, 0, 555, 922, 582, 585, 961, 621, 630, 694, 725, 617, 607], [679, 960, 603, 601, 602, 611, 611, 609, 618, 592, 602, 601, 616, 805, 754, 562, 635, 611, 777, 839, 616, 615, 591, 623, 626, 583, 736, 575, 587, 631, 621, 571, 718, 651, 812, 594, 580, 623, 555, 0, 921, 582, 586, 973, 604, 630, 712, 721, 589, 610], [927, 903, 919, 934, 926, 920, 926, 921, 922, 923, 920, 921, 936, 960, 948, 922, 923, 932, 942, 951, 917, 923, 923, 933, 923, 919, 945, 926, 920, 925, 921, 926, 927, 907, 966, 919, 920, 911, 922, 921, 0, 912, 923, 953, 925, 945, 950, 946, 937, 975], [657, 955, 564, 573, 568, 572, 566, 555, 615, 568, 574, 594, 608, 819, 770, 591, 621, 597, 792, 865, 611, 617, 573, 622, 613, 561, 737, 591, 569, 623, 628, 549, 712, 640, 827, 563, 572, 615, 582, 582, 912, 0, 563, 944, 581, 627, 691, 720, 588, 583], [639, 966, 570, 562, 561, 573, 568, 569, 577, 548, 566, 572, 581, 815, 760, 588, 587, 583, 784, 864, 572, 606, 585, 595, 595, 570, 721, 604, 580, 596, 604, 574, 691, 631, 834, 557, 561, 598, 585, 586, 923, 563, 0, 966, 576, 593, 703, 715, 575, 538], [976, 945, 964, 971, 973, 971, 969, 967, 955, 957, 964, 971, 977, 993, 997, 973, 977, 978, 1006, 1003, 962, 964, 971, 968, 971, 973, 975, 964, 972, 965, 964, 968, 967, 954, 999, 961, 971, 973, 961, 973, 953, 944, 966, 0, 961, 986, 987, 979, 959, 1019], [650, 941, 480, 496, 477, 485, 480, 505, 616, 563, 541, 548, 582, 803, 777, 560, 607, 578, 788, 869, 604, 552, 520, 610, 551, 529, 721, 590, 524, 611, 555, 533, 707, 662, 831, 591, 581, 571, 621, 604, 925, 581, 576, 961, 0, 604, 702, 726, 561, 562], [667, 961, 596, 604, 588, 600, 597, 592, 623, 605, 591, 592, 609, 816, 775, 635, 630, 602, 803, 878, 630, 631, 596, 625, 636, 600, 750, 648, 603, 634, 642, 594, 716, 680, 851, 619, 617, 628, 630, 630, 945, 627, 593, 986, 604, 0, 717, 739, 610, 618], [726, 988, 707, 706, 713, 708, 712, 713, 708, 700, 700, 705, 705, 834, 798, 703, 717, 704, 804, 886, 705, 711, 698, 716, 709, 699, 767, 713, 709, 717, 712, 704, 748, 731, 848, 695, 701, 707, 694, 712, 950, 691, 703, 987, 702, 717, 0, 730, 705, 711], [716, 987, 737, 728, 732, 728, 735, 732, 711, 702, 715, 714, 726, 833, 810, 723, 730, 728, 805, 879, 717, 728, 733, 727, 733, 728, 763, 722, 733, 727, 729, 728, 750, 722, 856, 716, 715, 732, 725, 721, 946, 720, 715, 979, 726, 739, 730, 0, 716, 734], [665, 973, 566, 577, 566, 578, 572, 569, 618, 590, 575, 566, 580, 815, 771, 566, 622, 580, 784, 867, 619, 592, 544, 623, 576, 537, 742, 611, 547, 620, 595, 542, 725, 661, 835, 603, 593, 594, 617, 589, 937, 588, 575, 959, 561, 610, 705, 716, 0, 574], [655, 1015, 562, 570, 562, 562, 555, 554, 599, 546, 559, 558, 591, 843, 792, 578, 578, 580, 814, 903, 573, 596, 558, 603, 590, 541, 752, 602, 555, 606, 599, 542, 733, 676, 867, 607, 584, 595, 607, 610, 975, 583, 538, 1019, 562, 618, 711, 734, 574, 0]]
lev seq ratios: 50x50 [[1.0, 0.6413382965625197, 0.6942107280859736, 0.6914362404090219, 0.6854915579976751, 0.691564852397834, 0.7007634051808445, 0.6881575940633481, 0.7124660781012331, 0.7038896919108133, 0.6929087183109939, 0.687169799331245, 0.6793024895910249, 0.6712116523230702, 0.6931836630427559, 0.6737983268151024, 0.6678917079442055, 0.6803838182169287, 0.6763177691236042, 0.6611424477290814, 0.6933000534948949, 0.6862039469048303, 0.6844965807417821, 0.6925622902661751, 0.6918962865288427, 0.6776939455750572, 0.7049314144539064, 0.6879659957615393, 0.6861787061155437, 0.6853202603180181, 0.6904936682222891, 0.6784885017188812, 0.7091606165041102, 0.6937863691470305, 0.6573154836081373, 0.6989129293842514, 0.6772493513169032, 0.6825405336726695, 0.692715955008646, 0.6806933099316915, 0.6426139208552857, 0.6833936873596165, 0.6856871252012913, 0.6314298259348053, 0.6920292935822329, 0.6871670380536226, 0.6871448624860752, 0.7070758582184334, 0.6837803472146997, 0.524649864614856], [0.6413382965625197, 1.0, 0.6035290187543323, 0.6027906473882576, 0.5980674875445932, 0.5965963022586062, 0.599068152135829, 0.5950593315943934, 0.6128051551009837, 0.5995774595406331, 0.5971182040637012, 0.5912311044507351, 0.6025554854084919, 0.65659423696759, 0.6537912985276981, 0.5970524620935898, 0.6079131836414438, 0.5965851089396904, 0.6534285493582433, 0.6872012814304431, 0.6008193401072919, 0.6084340081361553, 0.5978672204363468, 0.6046634659020266, 0.6090250961539169, 0.5864810345525571, 0.6650455249030666, 0.6060298053055994, 0.5934359789701046, 0.6049951374619098, 0.6124414389136427, 0.5883595828744236, 0.6557010360066912, 0.6380892483926981, 0.7004692098070253, 0.6033671119506792, 0.5873567295826588, 0.6078399689281081, 0.5992645637180226, 0.5958926072337324, 0.7282909996366935, 0.593490845339889, 0.5810225349047892, 0.7288942884823932, 0.5990562690002628, 0.6068979187373572, 0.6347636451619998, 0.6455833234785027, 0.5950294258327015, 0.4159348922750701], [0.6942107280859736, 0.6035290187543323, 1.0, 0.7937735470244521, 0.7902172198540862, 0.7938339191234874, 0.7923316716469146, 0.7623044358194608, 0.689659142868116, 0.7115445767104298, 0.7243667635798609, 0.7208348884977642, 0.7005156152791577, 0.6390132099559369, 0.6552779199189499, 0.7127916936688934, 0.6954924674411072, 0.6972339913285294, 0.6384173856739186, 0.6216377665103222, 0.6891033728409588, 0.7345607340884631, 0.7360928638287509, 0.6975629662890421, 0.7233463984586003, 0.7269783666376619, 0.6621273827334593, 0.7197139244524121, 0.7414198514326181, 0.6986837326289117, 0.7298385098169826, 0.7243255775840294, 0.6656140225578582, 0.6836556652039041, 0.629238410193295, 0.7066445169549734, 0.7089151930265427, 0.7296442391784409, 0.7045845911694839, 0.7106695375479384, 0.605460163892215, 0.7129170614090915, 0.7014307991906094, 0.5984496946289695, 0.7623882958640245, 0.7064458566710123, 0.6685485344753683, 0.6628400296382964, 0.7113678451657192, 0.568573308353159], [0.6914362404090219, 0.6027906473882576, 0.7937735470244521, 1.0, 0.7924531995204265, 0.7791029101215833, 0.7786485929354705, 0.7574591114912007, 0.6901232360827689, 0.7093779670662329, 0.7151877646580795, 0.7144142770314903, 0.6966199395717773, 0.6388304949674675, 0.657811443858691, 0.7115482165355241, 0.6902554671236902, 0.7042732712391089, 0.6322793374700454, 0.6209652201090108, 0.6936771614791344, 0.7327829932137194, 0.7320684551351296, 0.696457630811008, 0.7317227015126161, 0.7202370237215225, 0.655705824445486, 0.7177538495665153, 0.7385497629252721, 0.6987307918571849, 0.7311318732474662, 0.7209690814723942, 0.6715651520449432, 0.6860718187659932, 0.6276371357033568, 0.7062824171649882, 0.6980743298079687, 0.7258808782992999, 0.7066924024222319, 0.7179047335088955, 0.6065715444679789, 0.711257829914276, 0.6999026027680892, 0.6004176344876583, 0.7550763165955091, 0.7064349331064281, 0.6698591801791522, 0.6678433784063286, 0.7201275656507135, 0.5683135935873251], [0.6854915579976751, 0.5980674875445932, 0.7902172198540862, 0.7924531995204265, 1.0, 0.7930192574479202, 0.7916690380834082, 0.7540413822062981, 0.6879036912642478, 0.7095544782083061, 0.7205550471803731, 0.7201635314184789, 0.6948460303649415, 0.6379720817191177, 0.654072607928667, 0.7113933745693045, 0.6984197410950664, 0.6954085573016289, 0.6387917095337091, 0.6213871303002124, 0.6913312541039149, 0.7448453196176219, 0.7427118089137245, 0.6955701712646145, 0.7329383192418547, 0.7282100850443637, 0.6613497374595134, 0.7251720688193475, 0.7371046049226403, 0.697296624641395, 0.7303737138338942, 0.7270939210625318, 0.663871716857926, 0.6844199712406082, 0.6274395626792947, 0.7136136255399063, 0.7049121210118445, 0.732997242038297, 0.704786719000565, 0.7104980368093379, 0.6020826618729178, 0.7206539440710104, 0.7053407183585801, 0.5963148300329867, 0.7584920967559343, 0.7092571470546476, 0.6714546939509213, 0.6600561944697508, 0.7185871669017496, 0.5751391886205136], [0.691564852397834, 0.5965963022586062, 0.7938339191234874, 0.7791029101215833, 0.7930192574479202, 1.0, 0.8008654362266575, 0.7630698287719231, 0.6939190130802722, 0.7143829104130038, 0.7179418528740841, 0.7110154428014506, 0.6950092537689111, 0.6362673085805788, 0.6599313500289432, 0.7097208005995708, 0.6974857489165843, 0.6945366062380938, 0.6409103361564685, 0.6220019084187464, 0.6962285728190761, 0.7342114253135913, 0.7314836096801133, 0.703567832430049, 0.7329642948006491, 0.7235106740393896, 0.6616165935249271, 0.7229895573341758, 0.741845869889793, 0.704472211552137, 0.7356556765105919, 0.7249038976823943, 0.6635014645693755, 0.6845523914889774, 0.6291197182549431, 0.7060728691049495, 0.7016893398098166, 0.7335644576424298, 0.703051063362093, 0.7144513573585369, 0.602363662311959, 0.7166825308028607, 0.7052929533017732, 0.5986982533901224, 0.7576131966833387, 0.7075918481681263, 0.672601390168879, 0.6641977030287721, 0.7140013100801896, 0.5779438450800822], [0.7007634051808445, 0.599068152135829, 0.7923316716469146, 0.7786485929354705, 0.7916690380834082, 0.8008654362266575, 1.0, 0.7752128980033618, 0.68969260589342, 0.7053398980994996, 0.7162646450087071, 0.7096742696543249, 0.6883058805942307, 0.6361940148646686, 0.6607512406198212, 0.710275751905158, 0.6974777756661349, 0.6877030931690584, 0.6415019158715017, 0.6189249155289841, 0.6869639072720504, 0.7302158251478827, 0.7338091242713081, 0.6976470571223957, 0.7274343077346208, 0.728741289407399, 0.659457624343701, 0.7225903719545481, 0.7414529712236044, 0.6941613053199561, 0.7345601088796176, 0.7270798687871395, 0.6665169473550119, 0.6847210315688148, 0.6290695388455965, 0.7019659198744154, 0.6981646113758437, 0.7283073493835615, 0.7007322114400265, 0.7150410977423695, 0.6014638978408571, 0.7119935589292729, 0.6973021992272277, 0.6026517719185402, 0.7620435026760941, 0.7018995077675015, 0.6728650403719444, 0.6626874255082524, 0.71609185749516, 0.5739913111666649], [0.6881575940633481, 0.5950593315943934, 0.7623044358194608, 0.7574591114912007, 0.7540413822062981, 0.7630698287719231, 0.7752128980033618, 1.0, 0.6907879901005408, 0.7040627284360987, 0.7129758330871574, 0.7076277486347388, 0.7026588754698054, 0.6371257513339098, 0.6542501426332594, 0.710925073909165, 0.6861479422060469, 0.6985648258907621, 0.6422094551209929, 0.6230614928264475, 0.6963466049849977, 0.7319076785261013, 0.749484642184385, 0.6968500340725742, 0.7244079040702778, 0.7380744546987273, 0.6607153105550774, 0.7241527123734207, 0.7614903285132448, 0.6992337930747521, 0.7323707493619358, 0.7368710113020573, 0.663722522574725, 0.6894507506077513, 0.6257826957372513, 0.7072389022882893, 0.7088910049244754, 0.7242371673856933, 0.7150571083367173, 0.7137305446142173, 0.6006370046767866, 0.7202508727780382, 0.6972879944906635, 0.5931871220220591, 0.7550206927177214, 0.707282054435352, 0.6702887378781524, 0.6606357182598749, 0.7162401735825047, 0.5710081938049626], [0.7124660781012331, 0.6128051551009837, 0.689659142868116, 0.6901232360827689, 0.6879036912642478, 0.6939190130802722, 0.68969260589342, 0.6907879901005408, 1.0, 0.7591492542835818, 0.7262977454901862, 0.7140719635817666, 0.7271528178621468, 0.6584342952457509, 0.6677296981127337, 0.6984309408419699, 0.6887864252468849, 0.7216828702823506, 0.6599366419929082, 0.637511489524453, 0.7476684728292708, 0.6828047491795021, 0.685496025468526, 0.7186280419492785, 0.6797022663677217, 0.6867726481336666, 0.7007987247010519, 0.6950800688868087, 0.6829720183575105, 0.728429158859512, 0.6859850494479232, 0.6861909144634458, 0.706207856491977, 0.704613384387651, 0.6314435058675913, 0.7105955120810077, 0.7015451377203064, 0.6778196712695091, 0.7043312598813243, 0.6999570135033637, 0.6278469476019869, 0.703752001518605, 0.7120660327082434, 0.6172158970323947, 0.6883014743861139, 0.6988401771447483, 0.6787883045521839, 0.6943622306822984, 0.693148761364533, 0.5468776898969424], [0.7038896919108133, 0.5995774595406331, 0.7115445767104298, 0.7093779670662329, 0.7095544782083061, 0.7143829104130038, 0.7053398980994996, 0.7040627284360987, 0.7591492542835818, 1.0, 0.7611458893363914, 0.7479022842519673, 0.7196527042959602, 0.639922024247142, 0.6584503196201085, 0.7018152129401221, 0.6957956056799707, 0.7208095050769043, 0.642899441092529, 0.6196734542690422, 0.7461124601449908, 0.6904474681731484, 0.698092911543936, 0.7329943416481365, 0.6864669251234615, 0.7027785534208328, 0.6868570792051143, 0.6977551675377748, 0.6963414556747266, 0.7253613299443689, 0.6911738922569383, 0.7051037816478404, 0.6987320270849676, 0.7025701133233709, 0.6138183578519967, 0.7204220145288327, 0.7080475588707271, 0.6894342125010255, 0.7091219950311843, 0.7051107813584188, 0.6070436547701406, 0.7209892924800402, 0.7179457897290342, 0.5992839378833305, 0.7061121485322437, 0.7059984308871832, 0.6649573493012232, 0.6739552544258409, 0.7035624016339704, 0.5720119167254375], [0.6929087183109939, 0.5971182040637012, 0.7243667635798609, 0.7151877646580795, 0.7205550471803731, 0.7179418528740841, 0.7162646450087071, 0.7129758330871574, 0.7262977454901862, 0.7611458893363914, 1.0, 0.8109755450890531, 0.7733437691303993, 0.6374597113763429, 0.6556922227334516, 0.7171551896211484, 0.69050527903469, 0.7686103448869547, 0.6394742660677486, 0.6116042420175724, 0.7177292395513388, 0.7097965230642245, 0.7174638614665179, 0.7190288602362197, 0.7117317129534658, 0.7360475898415904, 0.6684685289181583, 0.703831690775827, 0.7174924601719946, 0.7135043202829257, 0.7057927560106441, 0.7251660722901772, 0.6742446936610369, 0.6995004548479523, 0.6200081685928405, 0.7113727967244968, 0.7052094217950398, 0.6987499211275561, 0.7056754126870528, 0.712739029256068, 0.6043101626231513, 0.7163607911571531, 0.7078702247147679, 0.5977034670089265, 0.7157409122836028, 0.6996347023208156, 0.6701665236721025, 0.6667314554864816, 0.7057260554876903, 0.5566626978206008], [0.687169799331245, 0.5912311044507351, 0.7208348884977642, 0.7144142770314903, 0.7201635314184789, 0.7110154428014506, 0.7096742696543249, 0.7076277486347388, 0.7140719635817666, 0.7479022842519673, 0.8109755450890531, 1.0, 0.7631744072087918, 0.6311953406414558, 0.6525595333129569, 0.708603472142356, 0.6897970697009803, 0.7705097939034413, 0.6336819539366789, 0.6107939473974958, 0.7193622399722195, 0.7022209579306269, 0.712048191043039, 0.7136771939868136, 0.7117096936782755, 0.717332469480928, 0.6598189398948846, 0.6972417130200363, 0.7123801572038234, 0.7102287041022852, 0.7048500902835254, 0.7166847063033553, 0.6708318970978806, 0.6935178310873675, 0.6201593740870204, 0.70127945479775, 0.6990923681570322, 0.6946056175740384, 0.7004491465001345, 0.7063564619506624, 0.6014127900327391, 0.7103305467810755, 0.7000649647464322, 0.59308872567527, 0.7028876613785889, 0.6982339952268988, 0.668164112379252, 0.6667618604916781, 0.6934661285889406, 0.5568594724106831], [0.6793024895910249, 0.6025554854084919, 0.7005156152791577, 0.6966199395717773, 0.6948460303649415, 0.6950092537689111, 0.6883058805942307, 0.7026588754698054, 0.7271528178621468, 0.7196527042959602, 0.7733437691303993, 0.7631744072087918, 1.0, 0.6411258741177973, 0.6514293533743597, 0.7086428360789297, 0.6929672731343047, 0.7816033056235742, 0.6375896315466814, 0.6183044255994524, 0.7258470024116204, 0.6918576500364233, 0.6951612415047214, 0.7330470836593057, 0.6905048294716121, 0.7021728667381724, 0.6691386288203859, 0.6918192500114745, 0.692753169465273, 0.730076368359421, 0.6912392323261499, 0.7005426538068135, 0.6736863817715868, 0.7015079721622952, 0.6311604433588205, 0.6964619832629105, 0.7087858750031943, 0.6831181764979137, 0.6962434098218401, 0.7019439409755512, 0.60595523362973, 0.7134995278745817, 0.7022317264883488, 0.5984883742803923, 0.6911581804250068, 0.699448106375687, 0.673051037489375, 0.6787355635049581, 0.6952607856698088, 0.5484869699836439], [0.6712116523230702, 0.65659423696759, 0.6390132099559369, 0.6388304949674675, 0.6379720817191177, 0.6362673085805788, 0.6361940148646686, 0.6371257513339098, 0.6584342952457509, 0.639922024247142, 0.6374597113763429, 0.6311953406414558, 0.6411258741177973, 1.0, 0.7054954260728088, 0.6443429026448924, 0.6284529918016037, 0.6398823091187336, 0.7224379047092239, 0.684830939243305, 0.6403318874335044, 0.6603586155547537, 0.6367523842317453, 0.6461802200807792, 0.6577336298904315, 0.6262796609812341, 0.6965515480371595, 0.6575024007718521, 0.6374198702789671, 0.645130847097735, 0.658249263695282, 0.6256669942237398, 0.6865080514139724, 0.6582474454414591, 0.6696023044837701, 0.663054546018055, 0.646188241078746, 0.6573791955580875, 0.6626148729809491, 0.6509272343428343, 0.6647177291990134, 0.6482826243075732, 0.6391101234231072, 0.6650496043208026, 0.6399066803235002, 0.6610703762968795, 0.6831049708110538, 0.6795191241898499, 0.6508416457200105, 0.4647953198826754], [0.6931836630427559, 0.6537912985276981, 0.6552779199189499, 0.657811443858691, 0.654072607928667, 0.6599313500289432, 0.6607512406198212, 0.6542501426332594, 0.6677296981127337, 0.6584503196201085, 0.6556922227334516, 0.6525595333129569, 0.6514293533743597, 0.7054954260728088, 1.0, 0.6491568699596233, 0.636147140199427, 0.6489232665620344, 0.7206376775784955, 0.6920149158106829, 0.6568712641948103, 0.6699255103919245, 0.6502261331711329, 0.6530930770237254, 0.6683680364334523, 0.6434882206922627, 0.687718622827529, 0.6673602444647151, 0.6505277136000959, 0.6495837220109787, 0.6710919457274901, 0.6469792209997303, 0.68581953776197, 0.6722515297727143, 0.6714456583442254, 0.6648297941065829, 0.6457196906169936, 0.6640743866451152, 0.6660998938130717, 0.6592374906919839, 0.6636270113965206, 0.6578280856445807, 0.6492298506912461, 0.6590605505503806, 0.6545567390983106, 0.6594916923803597, 0.6807667951834084, 0.6875918791785155, 0.6517352423820355, 0.477803388004243], [0.6737983268151024, 0.5970524620935898, 0.7127916936688934, 0.7115482165355241, 0.7113933745693045, 0.7097208005995708, 0.710275751905158, 0.710925073909165, 0.6984309408419699, 0.7018152129401221, 0.7171551896211484, 0.708603472142356, 0.7086428360789297, 0.6443429026448924, 0.6491568699596233, 1.0, 0.6824741242254099, 0.7116157459866601, 0.638152856045724, 0.6186198819915426, 0.7048938224547486, 0.7163486244087537, 0.7192193432641899, 0.7012445441092661, 0.720890471539272, 0.7325619973834737, 0.6564646424722981, 0.7017915499452876, 0.7148840125871568, 0.705866538815078, 0.7145865532887578, 0.7385999495442694, 0.665686009123581, 0.692602304653311, 0.6297314173328277, 0.6935119089584098, 0.7024931027881045, 0.702921961665792, 0.705774724240939, 0.7227564074618568, 0.6044317277791383, 0.7081251458715647, 0.7058156147010269, 0.5969569971063383, 0.7027630228494212, 0.6959967348279743, 0.6712851394065089, 0.6648802411583388, 0.7109995250897078, 0.5513263158872943], [0.6678917079442055, 0.6079131836414438, 0.6954924674411072, 0.6902554671236902, 0.6984197410950664, 0.6974857489165843, 0.6974777756661349, 0.6861479422060469, 0.6887864252468849, 0.6957956056799707, 0.69050527903469, 0.6897970697009803, 0.6929672731343047, 0.6284529918016037, 0.636147140199427, 0.6824741242254099, 1.0, 0.6928894166550024, 0.6358580675877233, 0.6187223155043431, 0.6903484444785546, 0.6809111654833567, 0.6885479681691113, 0.6998151396785611, 0.6852355194959848, 0.6867748495836378, 0.6559302245453229, 0.6832874306418851, 0.6859750902509864, 0.6941350126488642, 0.6837137178896258, 0.6892581484423911, 0.6644224789028368, 0.673236735692914, 0.62830610647886, 0.6751372462538509, 0.6682314005925101, 0.6743316818419199, 0.6750456055498365, 0.6786843465315073, 0.613471053349257, 0.6794389411647379, 0.6900350453318558, 0.599739576939681, 0.6939958217473946, 0.6781333260759976, 0.6471597170442263, 0.6629473248036846, 0.687241940640313, 0.5702472292112232], [0.6803838182169287, 0.5965851089396904, 0.6972339913285294, 0.7042732712391089, 0.6954085573016289, 0.6945366062380938, 0.6877030931690584, 0.6985648258907621, 0.7216828702823506, 0.7208095050769043, 0.7686103448869547, 0.7705097939034413, 0.7816033056235742, 0.6398823091187336, 0.6489232665620344, 0.7116157459866601, 0.6928894166550024, 1.0, 0.6402949928341516, 0.6181186400797164, 0.7344021013048658, 0.6889332082923885, 0.7084249674078192, 0.7352111033082309, 0.7020596125572987, 0.7143813625666469, 0.6751802645083819, 0.6875501164922467, 0.7017882548687373, 0.7343721788394695, 0.6914484220061181, 0.7097660693049269, 0.6789960731280327, 0.6986275613891348, 0.6261506898969702, 0.6940770282210161, 0.6991760960873051, 0.6899781646462154, 0.7024719578766123, 0.7039948388383646, 0.6045814372335292, 0.7059804186484373, 0.7026431903308161, 0.6028038902513341, 0.6913649655879737, 0.7018196329667121, 0.6719719775036734, 0.6831138344879506, 0.7042976726247941, 0.5464602453425399], [0.6763177691236042, 0.6534285493582433, 0.6384173856739186, 0.6322793374700454, 0.6387917095337091, 0.6409103361564685, 0.6415019158715017, 0.6422094551209929, 0.6599366419929082, 0.642899441092529, 0.6394742660677486, 0.6336819539366789, 0.6375896315466814, 0.7224379047092239, 0.7206376775784955, 0.638152856045724, 0.6358580675877233, 0.6402949928341516, 1.0, 0.6882502779354022, 0.6492775275265, 0.6566058556569164, 0.6439303834259652, 0.6516893917239818, 0.6644205967888036, 0.6417648339392782, 0.6802065087159797, 0.659518966492211, 0.6460329032037168, 0.652485871288901, 0.658836172831529, 0.6358640309129225, 0.6802686227483817, 0.6569570775109778, 0.6823143726181281, 0.6569769119904968, 0.6409292736734383, 0.6622841281239101, 0.6705325680305552, 0.646241606760604, 0.6568278868937856, 0.6466402324156324, 0.6479207924813163, 0.6540057843256899, 0.6420575518315528, 0.6559912462010443, 0.682117754094915, 0.6838454890275688, 0.6503185837610831, 0.4738034364444837], [0.6611424477290814, 0.6872012814304431, 0.6216377665103222, 0.6209652201090108, 0.6213871303002124, 0.6220019084187464, 0.6189249155289841, 0.6230614928264475, 0.637511489524453, 0.6196734542690422, 0.6116042420175724, 0.6107939473974958, 0.6183044255994524, 0.684830939243305, 0.6920149158106829, 0.6186198819915426, 0.6187223155043431, 0.6181186400797164, 0.6882502779354022, 1.0, 0.6241658938445617, 0.636600897263617, 0.6273763490225531, 0.6376190073057073, 0.6346345428755664, 0.6206139629138041, 0.6816727856126994, 0.6383724251398989, 0.6297057679927767, 0.6360866148781746, 0.6397225344707054, 0.6190557178492064, 0.6767803341711945, 0.6505575600820638, 0.7032328819132742, 0.6376472255923878, 0.6177412766773199, 0.6356138020725636, 0.6347571489452601, 0.6300676967599503, 0.694199776631887, 0.6260953063281132, 0.62335152890271, 0.6818786616190493, 0.6294177947037524, 0.6328773120096913, 0.6613833741324734, 0.6723249409604642, 0.6306656004527524, 0.44809424452825714], [0.6933000534948949, 0.6008193401072919, 0.6891033728409588, 0.6936771614791344, 0.6913312541039149, 0.6962285728190761, 0.6869639072720504, 0.6963466049849977, 0.7476684728292708, 0.7461124601449908, 0.7177292395513388, 0.7193622399722195, 0.7258470024116204, 0.6403318874335044, 0.6568712641948103, 0.7048938224547486, 0.6903484444785546, 0.7344021013048658, 0.6492775275265, 0.6241658938445617, 1.0, 0.6850015333635262, 0.6946409985268338, 0.7547531764448909, 0.6833804670547704, 0.7003875967498724, 0.6866523817812613, 0.6943983534849484, 0.6867962820221647, 0.7558462020870508, 0.6897263782271938, 0.6939027352349808, 0.6907163256818486, 0.7026132856495689, 0.6222386194661459, 0.7088689486403097, 0.7091332684845371, 0.672113133536184, 0.6979746513461377, 0.7089855348599372, 0.6094329780686588, 0.7097528771969214, 0.7161099366433736, 0.6021522396502922, 0.6864036535318891, 0.7013205370178135, 0.6697136942102876, 0.6778690321278932, 0.6957765478474783, 0.561824435113645], [0.6862039469048303, 0.6084340081361553, 0.7345607340884631, 0.7327829932137194, 0.7448453196176219, 0.7342114253135913, 0.7302158251478827, 0.7319076785261013, 0.6828047491795021, 0.6904474681731484, 0.7097965230642245, 0.7022209579306269, 0.6918576500364233, 0.6603586155547537, 0.6699255103919245, 0.7163486244087537, 0.6809111654833567, 0.6889332082923885, 0.6566058556569164, 0.636600897263617, 0.6850015333635262, 1.0, 0.7385025625338599, 0.6897074560425431, 0.7848638155976022, 0.7307389848055093, 0.6712290545950449, 0.7338475072092797, 0.7414824551455156, 0.6937024930209261, 0.7843966692697024, 0.7316536537824616, 0.678326177297345, 0.6814667112765296, 0.6402212489846781, 0.6961089129054134, 0.6947901953639963, 0.7551600767135267, 0.7126314478074892, 0.708129191275843, 0.6104019463631847, 0.704734085839366, 0.6800195172439613, 0.6059150165475315, 0.7312226907857152, 0.6957608863544137, 0.6826140659953281, 0.6785192365466316, 0.7123339678885009, 0.5546914174709552], [0.6844965807417821, 0.5978672204363468, 0.7360928638287509, 0.7320684551351296, 0.7427118089137245, 0.7314836096801133, 0.7338091242713081, 0.749484642184385, 0.685496025468526, 0.698092911543936, 0.7174638614665179, 0.712048191043039, 0.6951612415047214, 0.6367523842317453, 0.6502261331711329, 0.7192193432641899, 0.6885479681691113, 0.7084249674078192, 0.6439303834259652, 0.6273763490225531, 0.6946409985268338, 0.7385025625338599, 1.0, 0.6998010326479932, 0.7467426074973235, 0.7842064900576875, 0.6633602209555713, 0.7212154260167686, 0.7823318204969012, 0.6980136916611465, 0.7383225712868795, 0.7757879453319003, 0.6619359435094814, 0.680070884735945, 0.6288910760758719, 0.7031745445671723, 0.7013894432885758, 0.7288130141178094, 0.7036494732056492, 0.7120342340382393, 0.602504121050534, 0.7135110151203539, 0.6982580958360979, 0.5970040458573344, 0.7449461497074775, 0.7015701068712055, 0.6713739463181354, 0.6683330875039009, 0.731549018934689, 0.5776883281165364], [0.6925622902661751, 0.6046634659020266, 0.6975629662890421, 0.696457630811008, 0.6955701712646145, 0.703567832430049, 0.6976470571223957, 0.6968500340725742, 0.7186280419492785, 0.7329943416481365, 0.7190288602362197, 0.7136771939868136, 0.7330470836593057, 0.6461802200807792, 0.6530930770237254, 0.7012445441092661, 0.6998151396785611, 0.7352111033082309, 0.6516893917239818, 0.6376190073057073, 0.7547531764448909, 0.6897074560425431, 0.6998010326479932, 1.0, 0.6979695331940802, 0.6985493500606751, 0.7009145788323391, 0.6986411590051812, 0.6988317517264412, 0.7866280018169862, 0.6956584055623487, 0.6953617233433816, 0.7174116675747229, 0.7081504073238829, 0.6347892412467727, 0.7073179330783234, 0.7032887746621922, 0.6834087991609322, 0.7030903820902109, 0.7138810545376683, 0.6170970137263161, 0.7121037128798017, 0.7029538598288315, 0.6098014617495895, 0.7004571731956754, 0.6983736313185958, 0.6716568366048276, 0.6834527078297785, 0.6970315352455088, 0.556294952828465], [0.6918962865288427, 0.6090250961539169, 0.7233463984586003, 0.7317227015126161, 0.7329383192418547, 0.7329642948006491, 0.7274343077346208, 0.7244079040702778, 0.6797022663677217, 0.6864669251234615, 0.7117317129534658, 0.7117096936782755, 0.6905048294716121, 0.6577336298904315, 0.6683680364334523, 0.720890471539272, 0.6852355194959848, 0.7020596125572987, 0.6644205967888036, 0.6346345428755664, 0.6833804670547704, 0.7848638155976022, 0.7467426074973235, 0.6979695331940802, 1.0, 0.7269059974113563, 0.6709413615146693, 0.7293847114984131, 0.7471727802892738, 0.6951350907498681, 0.7870115387570068, 0.7289953164504211, 0.6746820258743826, 0.6815809685633115, 0.6410339063679136, 0.6951813039730351, 0.6960944658924091, 0.7557991262194784, 0.7021588016974095, 0.7043966401326802, 0.6111330016465043, 0.7039443599865058, 0.6832792743643735, 0.607176677855411, 0.7268109103781359, 0.6982412024969075, 0.6858604039608179, 0.6806094416088201, 0.7214336443509662, 0.551888888987342], [0.6776939455750572, 0.5864810345525571, 0.7269783666376619, 0.7202370237215225, 0.7282100850443637, 0.7235106740393896, 0.728741289407399, 0.7380744546987273, 0.6867726481336666, 0.7027785534208328, 0.7360475898415904, 0.717332469480928, 0.7021728667381724, 0.6262796609812341, 0.6434882206922627, 0.7325619973834737, 0.6867748495836378, 0.7143813625666469, 0.6417648339392782, 0.6206139629138041, 0.7003875967498724, 0.7307389848055093, 0.7842064900576875, 0.6985493500606751, 0.7269059974113563, 1.0, 0.649209339270272, 0.7110463236548228, 0.7808199448092198, 0.6963238681481128, 0.724113718914138, 0.8007053373044695, 0.6503373613096821, 0.6787273902991996, 0.6145461638455417, 0.7031132655414762, 0.6994149566852691, 0.717647687419931, 0.7017805707054182, 0.7145563026095867, 0.592005991147704, 0.7111380933716551, 0.6989900828785822, 0.5836973922789432, 0.7322337742198778, 0.7010222782851459, 0.6598120778048516, 0.6579858742648202, 0.7286366797927627, 0.5726512491116216], [0.7049314144539064, 0.6650455249030666, 0.6621273827334593, 0.655705824445486, 0.6613497374595134, 0.6616165935249271, 0.659457624343701, 0.6607153105550774, 0.7007987247010519, 0.6868570792051143, 0.6684685289181583, 0.6598189398948846, 0.6691386288203859, 0.6965515480371595, 0.687718622827529, 0.6564646424722981, 0.6559302245453229, 0.6751802645083819, 0.6802065087159797, 0.6816727856126994, 0.6866523817812613, 0.6712290545950449, 0.6633602209555713, 0.7009145788323391, 0.6709413615146693, 0.649209339270272, 1.0, 0.669638925502787, 0.6605471834581217, 0.6975467917167887, 0.6714684886143863, 0.648834413984456, 0.7704424174563126, 0.6870460156534571, 0.6830945750857348, 0.686980557476927, 0.6555833150156432, 0.6825896673933315, 0.6724239132996057, 0.6596218739067178, 0.6671278259198532, 0.6743440188093107, 0.6631469292214217, 0.6654126757483037, 0.6646191963717517, 0.6674940166322125, 0.7056680105321392, 0.711133586149779, 0.6532300848342381, 0.48675762404469314], [0.6879659957615393, 0.6060298053055994, 0.7197139244524121, 0.7177538495665153, 0.7251720688193475, 0.7229895573341758, 0.7225903719545481, 0.7241527123734207, 0.6950800688868087, 0.6977551675377748, 0.703831690775827, 0.6972417130200363, 0.6918192500114745, 0.6575024007718521, 0.6673602444647151, 0.7017915499452876, 0.6832874306418851, 0.6875501164922467, 0.659518966492211, 0.6383724251398989, 0.6943983534849484, 0.7338475072092797, 0.7212154260167686, 0.6986